[214.]
[73.]
[67.]
[170.]
[78.]
[186.]
[239.]
[170.]
[255.]
[240.]
[215.]
[101.]
[95.]
[206.]
[88.]
[172.]
[82.]
[81.]
[130.]
[201.]
[91.]
[134.]
[68.]
[340.]
[334.]
[218.]
[88.]
[397.]
[41.]
[189.]
[171.]
[126.]
[173.]
[168.]
[175.]
[158.]
[191.]
[86.]
[175.]
[153.]
[227.]
[208.]
[81.]
[149.]
[102.]
[71.]
[93.]
[107.]
[88.]
[337.]
[203.]
[102.]
[129.]
[79.]
[77.]
[150.]
[122.]
[88.]
[87.]
[219.]
[168.]
[70.]
[71.]
[187.]
[109.]
[194.]
[240.]
[78.]
[86.]
[202.]
[221.]
[85.]
[89.]
[323.]
[246.]
[51.]
[74.]
[345.]
[60.]
[86.]
[168.]
[73.]
[111.]
[79.]
[215.]
[74.]
[91.]
[115.]
[164.]
[133.]
[88.]
[330.]
[118.]
[193.]
[276.]
[72.]
[212.]
[240.]
[154.]
[355.]
[173.]
[65.]
[216.]
[246.]
[129.]
[85.]
[180.]
[92.]
[88.]
[249.]
[221.]
[86.]
[241.]
[348.]
[232.]
[228.]
[248.]
[83.]
[112.]
[177.]
[88.]
[86.]
[405.]
[273.]
[89.]
[216.]
[79.]
[212.]
[199.]
[81.]
[83.]
[141.]
[88.]
[348.]
[227.]
[215.]
[50.]
[365.]
[131.]
[108.]
[173.]
[176.]
[240.]
[76.]
[163.]
[89.]
[162.]
[81.]
[239.]
[76.]
[88.]
[169.]
[153.]
[108.]
[76.]
[195.]
[210.]
[87.]
[118.]
[174.]
[391.]
[82.]
[80.]
[310.]
[88.]
[164.]
[205.]
[88.]
[238.]
[133.]
[86.]
[212.]
[102.]
[210.]
[51.]
[165.]
[85.]
[192.]
[86.]
[209.]
[102.]
[223.]
[98.]
[75.]
[86.]
[87.]
[80.]
[72.]
[233.]
[140.]
[63.]
[232.]
[402.]
[224.]
[173.]
[80.]
[187.]
[82.]
[208.]
[196.]
[162.]
[88.]
[65.]
[271.]
[219.]
[88.]
[13.]
[239.]
[94.]
[296.]
[177.]
[94.]
[85.]
[222.]
[219.]
[45.]
[220.]
[91.]
[238.]
[214.]
[94.]
[311.]
[155.]
[69.]
[60.]
[88.]
[230.]
[240.]
[78.]
[92.]
[76.]
[70.]
[253.]
[157.]
[200.]
[209.]
[162.]
[56.]
[193.]
[178.]
[155.]
[240.]
[76.]
[214.]
[196.]
[70.]
[74.]
[77.]
[326.]
[148.]
[348.]
[172.]
[238.]
[127.]
[194.]
[341.]
[74.]
[86.]
[58.]
[76.]
[218.]
[114.]
[118.]
[239.]
[154.]
[228.]
[61.]
[173.]
[113.]
[78.]
[123.]
[65.]
[267.]
[83.]
[76.]
[281.]
[185.]
[275.]
[45.]
[88.]
[114.]
[77.]
[77.]
[124.]
[238.]
[210.]
[78.]
[162.]
[68.]
[208.]
[301.]
[87.]
[88.]
[71.]
[128.]
[74.]
[162.]
[159.]
[223.]
[70.]
[101.]
[185.]
[121.]
[123.]
[75.]
[63.]
[72.]
[164.]
[206.]
[208.]
[75.]
[78.]
[88.]
[87.]
[241.]
[52.]
[106.]
[210.]
[233.]
[173.]
[247.]
[93.]
[74.]
[191.]
[84.]
[221.]
[88.]
[47.]
[221.]
[199.]
[88.]
[73.]
[77.]
[83.]
[232.]
[82.]
[312.]
[192.]
[183.]
[92.]
[73.]
[92.]
[187.]
[75.]
[204.]
[186.]
[245.]
[160.]
[192.]
[180.]
[342.]
[81.]
[69.]
[193.]
[83.]
[88.]
[88.]
[78.]
[76.]
[66.]
[111.]
[349.]
[95.]
[329.]
[175.]
[70.]
[160.]
[85.]
[197.]
[98.]
[79.]
[140.]
[88.]
[74.]
[240.]
[88.]
[198.]
[177.]
[274.]
[79.]
[77.]
[81.]
[85.]
[88.]
[313.]
[169.]
[372.]
[189.]
[91.]
[88.]
[344.]
[75.]
[109.]
[52.]
[329.]
[213.]
[91.]
[176.]
[157.]
[117.]
[72.]
[81.]
[76.]
[74.]
[53.]
[230.]
[210.]
[223.]
[203.]
[110.]
[313.]
[240.]
[306.]
[252.]
[335.]
[173.]
[79.]
[224.]
[79.]
[232.]
[64.]
[97.]
[239.]
[196.]
[227.]
[241.]
[96.]
[80.]
[46.]
[198.]
[93.]
[224.]
[69.]
[70.]
[249.]
[83.]
[46.]
[74.]
[92.]
[189.]
[181.]
[223.]
[90.]
[238.]
[279.]
[85.]
[231.]
[181.]
[240.]
[57.]
[77.]
[117.]
[333.]
[206.]
[72.]
[226.]
[377.]
[44.]
[239.]
[102.]
[337.]
[218.]
[60.]
[86.]
[224.]
[310.]
[53.]
[56.]
[69.]
[187.]
[121.]
[69.]
[218.]
[242.]
[201.]
[85.]
[188.]
[86.]
[123.]
[190.]
[226.]
[308.]
[86.]
[202.]
[239.]
[180.]
[229.]
[322.]
[234.]
[60.]
[233.]
[232.]
[63.]
[89.]
[322.]
[239.]
[126.]
[111.]
[79.]
[252.]
[222.]
[348.]
[225.]
[96.]
[225.]
[99.]
[87.]
[82.]
[120.]
[89.]
[71.]
[171.]
[88.]
[99.]
[321.]
[261.]
[164.]
[232.]
[240.]
[89.]
[240.]
[82.]
[318.]
[135.]
[168.]
[240.]
[88.]
[167.]
[129.]
[65.]
[70.]
[345.]
[76.]
[72.]
[238.]
[321.]
[86.]
[97.]
[88.]
[234.]
[86.]
[195.]
[159.]
[122.]
[83.]
[332.]
[80.]
[86.]
[346.]
[306.]
[82.]
[85.]
[211.]
[168.]
[144.]
[130.]
[193.]
[239.]
[88.]
[74.]
[86.]
[68.]
[217.]
[190.]
[203.]
[334.]
[224.]
[194.]
[193.]
[83.]
[170.]
[205.]
[201.]
[117.]
[212.]
[64.]
[90.]
[63.]
[83.]
[376.]
[175.]
[266.]
[277.]
[289.]
[75.]
[211.]
[89.]
[80.]
[60.]
[282.]
[230.]
[239.]
[129.]
[86.]
[378.]
[97.]
[172.]
[62.]
[69.]
[86.]
[66.]
[167.]
[81.]
[207.]
[351.]
[69.]
[77.]
[216.]
[114.]
[348.]
[83.]
[166.]
[211.]
[204.]
[240.]
[88.]
[213.]
[203.]
[91.]
[68.]
[94.]
[73.]
[70.]
[74.]
[188.]
[203.]
[85.]
[186.]
[67.]
[64.]
[357.]
[86.]
[234.]
[84.]
[119.]
[88.]
[350.]
[227.]
[84.]
[219.]
[64.]
[240.]
[228.]
[88.]
[81.]
[81.]
[199.]
[164.]
[102.]
[101.]
[237.]
[80.]
[157.]
[93.]
[230.]
[229.]
[240.]
[228.]
[79.]
[102.]
[100.]
[239.]
[272.]
[101.]
[228.]
[71.]
[170.]
[136.]
[73.]
[84.]
[351.]
[160.]
[81.]
[69.]
[69.]
[350.]
[96.]
[175.]
[394.]
[209.]
[164.]
[88.]
[85.]
[98.]
[88.]
[69.]
[88.]
[289.]
[252.]
[122.]
[365.]
[205.]
[79.]
[267.]
[206.]
[229.]
[239.]
[98.]
[66.]
[198.]
[74.]
[202.]
[77.]
[365.]
[226.]
[221.]
[239.]
[85.]
[82.]
[205.]
[62.]
[84.]
[85.]
[86.]
[54.]
[397.]
[187.]
[78.]
[206.]
[211.]
[392.]
[230.]
[114.]
[82.]
[226.]
[159.]
[160.]
[240.]
[315.]
[202.]
[88.]
[181.]
[77.]
[189.]
[124.]
[200.]
[88.]
[84.]
[122.]
[354.]
[88.]
[172.]
[223.]
[87.]
[88.]
[291.]
[175.]
[219.]
[202.]
[63.]
[88.]
[64.]
[60.]
[301.]
[174.]
[185.]
[147.]
[213.]
[159.]
[83.]
[88.]
[240.]
[348.]
[64.]
[91.]
[69.]
[204.]
[56.]
[238.]
[147.]
[82.]
[88.]
[114.]
[239.]
[209.]
[99.]
[97.]
[135.]
[229.]
[83.]
[68.]
[239.]
[349.]
[86.]
[74.]
[49.]
[76.]
[140.]
[367.]
[344.]
[175.]
[312.]
[109.]
[76.]
[86.]
[178.]
[231.]
[224.]
[208.]
[72.]
[332.]
[79.]
[75.]
[220.]
[76.]
[215.]
[70.]
[246.]
[119.]
[202.]
[230.]
[74.]
[98.]
[200.]
[92.]
[303.]
[162.]
[194.]
[198.]
[230.]
[239.]
[65.]
[199.]
[210.]
[222.]
[404.]
[302.]
[79.]
[195.]
[317.]
[183.]
[96.]
[89.]
[86.]
[239.]
[66.]
[404.]
[311.]
[295.]
[90.]
[98.]
[306.]
[66.]
[202.]
[177.]
[233.]
[228.]
[222.]
[105.]
[232.]
[340.]
[79.]
[166.]
[64.]
[170.]
[73.]
[84.]
[82.]
[209.]
[164.]
[224.]
[82.]
[184.]
[57.]
[268.]
[85.]
[238.]
[240.]
[169.]
[192.]
[142.]
[391.]
[400.]
[73.]
[65.]
[95.]
[201.]
[83.]
[55.]
[173.]
[119.]
[84.]
[77.]
[82.]
[192.]
[88.]
[319.]
[216.]
[199.]
[223.]
[208.]
[203.]
[169.]
[239.]
[84.]
[347.]
[180.]
[231.]
[73.]
[72.]
[77.]
[88.]
[81.]
[72.]
[97.]
[209.]
[68.]
[144.]
[232.]
[143.]
[127.]
[252.]
[305.]
[79.]
[85.]
[84.]
[86.]
[148.]
[131.]
[116.]
[72.]
[88.]
[120.]
[199.]
[69.]
[277.]
[271.]
[63.]
[177.]
[121.]
[91.]
[100.]
[109.]
[219.]
[220.]
[239.]
[234.]
[82.]
[74.]
[74.]
[209.]
[212.]
[70.]
[234.]
[206.]
[194.]
[91.]
[188.]
[202.]
[349.]
[52.]
[214.]
[230.]
[75.]
[82.]
[204.]
[79.]
[372.]
[85.]
[81.]
[240.]
[83.]
[238.]
[98.]
[191.]
[120.]
[175.]
[279.]
[160.]
[196.]
[105.]
[175.]
[88.]
[159.]
[321.]
[86.]
[243.]
[112.]
[348.]
[209.]
[75.]
[88.]
[147.]
[202.]
[197.]
[193.]
[300.]
[150.]
[279.]
[98.]
[200.]
[282.]
[85.]
[134.]
[96.]
[186.]
[301.]
[196.]
[84.]
[85.]
[177.]
[89.]
[340.]
[35.]
[223.]
[197.]
[185.]
[73.]
[239.]
[87.]
[75.]
[88.]
[211.]
[187.]
[119.]
[194.]
[209.]
[122.]
[188.]
[158.]
[240.]
[183.]
[234.]
[210.]
[229.]
[231.]
[69.]
[108.]
[223.]
[68.]
[231.]
[128.]
[300.]
[329.]
[341.]
[80.]
[88.]
[283.]
[66.]
[76.]
[345.]
[332.]
[67.]
[223.]
[212.]
[95.]
[337.]
[88.]
[227.]
[52.]
[221.]
[204.]
[84.]
[178.]
[128.]
[214.]
[227.]
[68.]
[108.]
[164.]
[59.]
[383.]
[121.]
[77.]
[236.]
[283.]
[199.]
[69.]
[121.]
[128.]
[227.]
[88.]
[336.]
[103.]
[83.]
[211.]
[94.]
[216.]
[80.]
[250.]
[71.]
[219.]
[209.]
[130.]
[296.]
[230.]
[202.]
[200.]
[74.]
[333.]
[205.]
[40.]
[233.]
[213.]
[182.]
[213.]
[224.]
[88.]
[79.]
[154.]
[221.]
[87.]
[112.]
[177.]
[240.]
[86.]
[191.]
[190.]
[79.]
[330.]
[240.]
[219.]
[228.]
[130.]
[88.]
[166.]
[69.]
[82.]
[340.]
[230.]
[77.]
[300.]
[278.]
[61.]
[167.]
[200.]
[193.]
[75.]
[215.]
[241.]
[234.]
[176.]
[42.]
[194.]
[90.]
[195.]
[95.]
[94.]
[212.]
[161.]
[87.]
[402.]
[100.]
[88.]
[244.]
[215.]
[83.]
[78.]
[67.]
[249.]
[184.]
[231.]
[132.]
[213.]
[232.]
[50.]
[178.]
[97.]
[234.]
[97.]
[121.]
[88.]
[74.]
[164.]
[72.]
[347.]
[89.]
[88.]
[75.]
[216.]
[159.]
[120.]
[74.]
[129.]
[76.]
[195.]
[80.]
[78.]
[105.]
[236.]
[60.]
[145.]
[280.]
[161.]
[286.]
[153.]
[86.]
[223.]
[232.]
[88.]
[67.]
[349.]
[114.]
[204.]
[64.]
[144.]
[207.]
[351.]
[83.]
[192.]
[211.]
[279.]
[77.]
[417.]
[48.]
[331.]
[212.]
[239.]
[66.]
[203.]
[81.]
[292.]
[238.]
[234.]
[224.]
[118.]
[291.]
[229.]
[220.]
[212.]
[204.]
[189.]
[86.]
[84.]
[147.]
[88.]
[86.]
[63.]
[88.]
[51.]
[88.]
[230.]
[72.]
[167.]
[71.]
[143.]
[89.]
[270.]
[103.]
[263.]
[90.]
[87.]
[173.]
[88.]
[204.]
[67.]
[118.]
[206.]
[209.]
[88.]
[88.]
[184.]
[196.]
[61.]
[82.]
[319.]
[77.]
[257.]
[218.]
[158.]
[349.]
[292.]
[276.]
[69.]
[121.]
[266.]
[69.]
[86.]
[318.]
[73.]
[295.]
[58.]
[349.]
[202.]
[79.]
[49.]
[88.]
[177.]
[160.]
[79.]
[127.]
[218.]
[228.]
[148.]
[61.]
[88.]
[235.]
[103.]
[88.]
[239.]
[81.]
[87.]
[309.]
[224.]
[88.]
[159.]
[84.]
[86.]
[95.]
[86.]
[115.]
[63.]
[214.]
[148.]
[236.]
[83.]
[234.]
[316.]
[206.]
[90.]
[82.]
[71.]
[76.]
[189.]
[76.]
[140.]
[45.]
[68.]
[169.]
[78.]
[71.]
[89.]
[321.]
[72.]
[309.]
[286.]
[90.]
[229.]
[81.]
[350.]
[196.]
[87.]
[185.]
[81.]
[329.]
[309.]
[181.]
[81.]
[225.]
[239.]
[332.]
[229.]
[72.]
[93.]
[71.]
[318.]
[143.]
[201.]
[386.]
[85.]
[78.]
[98.]
[81.]
[195.]
[240.]
[222.]
[109.]
[152.]
[192.]
[89.]
[206.]
[121.]
[162.]
[74.]
[88.]
[225.]
[150.]
[389.]
[113.]
[189.]
[35.]
[364.]
[163.]
[239.]
[366.]
[126.]
[165.]
[348.]
[104.]
[208.]
[68.]
[234.]
[188.]
[74.]
[116.]
[96.]
[218.]
[168.]
[164.]
[347.]
[43.]
[239.]
[228.]
[141.]
[92.]
[83.]
[237.]
[90.]
[179.]
[158.]
[166.]
[347.]
[222.]
[213.]
[88.]
[238.]
[220.]
[225.]
[319.]
[73.]
[162.]
[240.]
[174.]
[112.]
[240.]
[213.]
[70.]
[332.]
[78.]
[363.]
[202.]
[57.]
[169.]
[244.]
[77.]
[47.]
[148.]
[109.]
[178.]
[311.]
[332.]
[212.]
[89.]
[101.]
[86.]
[76.]
[62.]
[94.]
[205.]
[88.]
[65.]
[102.]
[302.]
[84.]
[306.]
[140.]
[342.]
[80.]
[242.]
[78.]
[132.]
[76.]
[212.]
[87.]
[81.]
[233.]
[201.]
[81.]
[218.]
[86.]
[155.]
[190.]
[203.]
[131.]
[102.]
[86.]
[115.]
[199.]
[174.]
[62.]
[61.]
[75.]
[239.]
[348.]
[170.]
[88.]
[250.]
[84.]
[167.]
[73.]
[87.]
[239.]
[71.]
[86.]
[39.]
[194.]
[89.]
[89.]
[126.]
[80.]
[74.]
[346.]
[175.]
[236.]
[224.]
[105.]
[83.]
[97.]
[65.]
[240.]
[177.]
[281.]
[172.]
[224.]
[200.]
[85.]
[261.]
[165.]
[61.]
[80.]
[79.]
[88.]
[212.]
[72.]
[220.]
[78.]
[238.]
[93.]
[229.]
[327.]
[95.]
[152.]
[210.]
[223.]
[80.]
[174.]
[239.]
[109.]
[222.]
[238.]
[165.]
[85.]
[151.]
[350.]
[214.]
[339.]
[263.]
[154.]
[210.]
[75.]
[62.]
[97.]
[238.]
[54.]
[121.]
[155.]
[87.]
[102.]
[213.]
[85.]
[191.]
[66.]
[191.]
[181.]
[135.]
[128.]
[150.]
[152.]
[46.]
[217.]
[194.]
[234.]
[75.]
[211.]
[83.]
[96.]
[362.]
[182.]
[264.]
[197.]
[185.]
[212.]
[227.]
[211.]
[174.]
[227.]
[245.]
[133.]
[74.]
[120.]
[198.]
[206.]
[229.]
[172.]
[81.]
[78.]
[240.]
[200.]
[212.]
[219.]
[154.]
[327.]
[223.]
[153.]
[97.]
[72.]
[287.]
[80.]
[88.]
[76.]
[118.]
[259.]
[133.]
[91.]
[88.]
[67.]
[239.]
[296.]
[221.]
[75.]
[216.]
[60.]
[89.]
[212.]
[137.]
[331.]
[62.]
[305.]
[239.]
[315.]
[218.]
[67.]
[175.]
[196.]
[233.]
[88.]
[231.]
[93.]
[348.]
[65.]
[325.]
[206.]
[350.]
[332.]
[347.]
[165.]
[77.]
[315.]
[111.]
[73.]
[97.]
[315.]
[89.]
[240.]
[158.]
[76.]
[84.]
[244.]
[217.]
[171.]
[68.]
[240.]
[125.]
[240.]
[86.]
[90.]
[90.]
[51.]
[88.]
[111.]
[122.]
[289.]
[74.]
[231.]
[78.]
[108.]
[58.]
[339.]
[148.]
[266.]
[148.]
[345.]
[332.]
[88.]
[335.]
[94.]
[80.]
[189.]
[74.]
[84.]
[126.]
[88.]
[353.]
[95.]
[82.]
[90.]
[199.]
[69.]
[239.]
[224.]
[287.]
[86.]
[338.]
[102.]
[198.]
[119.]
[113.]
[91.]
[83.]
[169.]
[74.]
[85.]
[78.]
[210.]
[61.]
[68.]
[95.]
[85.]
[240.]
[89.]
[75.]
[81.]
[240.]
[224.]
[312.]
[228.]
[220.]
[102.]
[256.]
[339.]
[88.]
[300.]
[50.]
[68.]
[90.]
[222.]
[91.]
[339.]
[203.]
[230.]
[219.]
[160.]
[69.]
[195.]
[139.]
[249.]
[60.]
[111.]
[81.]
[101.]
[238.]
[75.]
[207.]
[85.]
[88.]
[228.]
[338.]
[200.]
[348.]
[124.]
[218.]
[94.]
[66.]
[88.]
[167.]
[129.]
[87.]
[73.]
[130.]
[87.]
[223.]
[184.]
[175.]
[243.]
[310.]
[214.]
[168.]
[310.]
[118.]
[196.]
[64.]
[240.]
[98.]
[204.]
[236.]
[241.]
[88.]
[70.]
[86.]
[91.]
[233.]
[194.]
[240.]
[88.]
[206.]
[86.]
[358.]
[178.]
[89.]
[316.]
[235.]
[224.]
[86.]
[349.]
[189.]
[86.]
[84.]
[80.]
[172.]
[84.]
[185.]
[101.]
[187.]
[88.]
[190.]
[88.]
[125.]
[57.]
[300.]
[54.]
[207.]
[210.]
[163.]
[278.]
[101.]
[72.]
[78.]
[72.]
[78.]
[383.]
[193.]
[230.]
[88.]
[79.]
[70.]
[175.]
[340.]
[81.]
[87.]
[238.]
[331.]
[86.]
[357.]
[206.]
[251.]
[80.]
[74.]
[72.]
[225.]
[77.]
[207.]
[70.]
[196.]
[125.]
[78.]
[130.]
[126.]
[74.]
[223.]
[61.]
[89.]
[203.]
[339.]
[176.]
[76.]
[82.]
[80.]
[73.]
[236.]
[47.]
[86.]
[261.]
[192.]
[212.]
[228.]
[62.]
[78.]
[344.]
[63.]
[91.]
[40.]
[105.]
[80.]
[343.]
[74.]
[88.]
[92.]
[239.]
[100.]
[228.]
[207.]
[65.]
[152.]
[97.]
[257.]
[331.]
[167.]
[175.]
[176.]
[75.]
[253.]
[399.]
[164.]
[224.]
[119.]
[203.]
[239.]
[133.]
[76.]
[173.]
[64.]
[193.]
[88.]
[221.]
[295.]
[76.]
[72.]
[136.]
[120.]
[96.]
[113.]
[67.]
[232.]
[189.]
[88.]
[101.]
[191.]
[78.]
[221.]
[69.]
[282.]
[194.]
[337.]
[68.]
[254.]
[194.]
[214.]
[82.]
[204.]
[77.]
[149.]
[88.]
[141.]
[200.]
[86.]
[195.]
[342.]
[197.]
[106.]
[227.]
[111.]
[102.]
[219.]
[154.]
[117.]
[384.]
[116.]
[64.]
[103.]
[152.]
[71.]
[219.]
[88.]
[211.]
[132.]
[354.]
[329.]
[70.]
[159.]
[90.]
[267.]
[372.]
[207.]
[241.]
[240.]
[194.]
[80.]
[77.]
[87.]
[322.]
[271.]
[103.]
[206.]
[282.]
[94.]
[66.]
[182.]
[89.]
[86.]
[317.]
[89.]
[205.]
[242.]
[313.]
[76.]
[89.]
[225.]
[244.]
[121.]
[161.]
[66.]
[54.]
[281.]
[203.]
[189.]
[63.]
[73.]
[159.]
[74.]
[166.]
[211.]
[88.]
[187.]
[335.]
[98.]
[67.]
[78.]
[168.]
[219.]
[77.]
[62.]
[192.]
[227.]
[88.]
[238.]
[133.]
[88.]
[85.]
[104.]
[93.]
[128.]
[92.]
[72.]
[99.]
[164.]
[86.]
[88.]
[88.]
[86.]
[236.]
[95.]
[349.]
[238.]
[75.]
[230.]
[175.]
[74.]
[200.]
[240.]
[83.]
[212.]
[102.]
[205.]
[233.]
[215.]
[215.]
[225.]
[188.]
[204.]
[71.]
[197.]
[132.]
[67.]
[227.]
[402.]
[307.]
[190.]
[148.]
[326.]
[211.]
[93.]
[83.]
[82.]
[224.]
[207.]
[147.]
[302.]
[122.]
[76.]
[204.]
[199.]
[73.]
[225.]
[205.]
[351.]
[263.]
[208.]
[175.]
[84.]
[67.]
[240.]
[88.]
[85.]
[131.]
[82.]
[261.]
[152.]
[70.]
[109.]
[191.]
[76.]
[287.]
[192.]
[176.]
[191.]
[235.]
[204.]
[71.]
[171.]
[72.]
[89.]
[158.]
[178.]
[178.]
[96.]
[196.]
[198.]
[53.]
[287.]
[89.]
[213.]
[265.]
[274.]
[172.]
[69.]
[152.]
[88.]
[177.]
[74.]
[298.]
[278.]
[78.]
[235.]
[84.]
[240.]
[375.]
[67.]
[187.]
[240.]
[92.]
[240.]
[34.]
[194.]
[236.]
[127.]
[168.]
[195.]
[63.]
[77.]
[75.]
[224.]
[98.]
[82.]
[150.]
[170.]
[180.]
[114.]
[80.]
[82.]
[94.]
[228.]
[240.]
[227.]
[256.]
[334.]
[152.]
[173.]
[91.]
[84.]
[405.]
[75.]
[233.]
[82.]
[213.]
[207.]
[73.]
[74.]
[188.]
[240.]
[163.]
[118.]
[86.]
[83.]
[205.]
[210.]
[211.]
[212.]
[88.]
[317.]
[183.]
[82.]
[94.]
[52.]
[261.]
[71.]
[214.]
[146.]
[240.]
[216.]
[187.]
[80.]
[288.]
[77.]
[54.]
[227.]
[125.]
[197.]
[108.]
[214.]
[230.]
[344.]
[215.]
[51.]
[112.]
[101.]
[293.]
[84.]
[85.]
[236.]
[84.]
[88.]
[184.]
[222.]
[116.]
[68.]
[127.]
[81.]
[240.]
[50.]
[74.]
[83.]
[73.]
[89.]
[85.]
[230.]
[22.]
[189.]
[402.]
[83.]
[236.]
[72.]
[321.]
[352.]
[117.]
[326.]
[58.]
[194.]
[325.]
[88.]
[75.]
[76.]
[87.]
[79.]
[242.]
[103.]
[60.]
[371.]
[162.]
[88.]
[254.]
[88.]
[195.]
[299.]
[182.]
[88.]
[121.]
[71.]
[226.]
[88.]
[123.]
[95.]
[279.]
[96.]
[87.]
[65.]
[125.]
[336.]
[82.]
[280.]
[150.]
[363.]
[170.]
[145.]
[402.]
[334.]
[77.]
[294.]
[70.]
[119.]
[303.]
[203.]
[99.]
[12.]
[250.]
[81.]
[72.]
[221.]
[136.]
[218.]
[174.]
[207.]
[229.]
[189.]
[260.]
[85.]
[67.]
[59.]
[187.]
[321.]
[86.]
[199.]
[80.]
[207.]
[162.]
[62.]
[208.]
[70.]
[152.]
[80.]
[288.]
[84.]
[220.]
[121.]
[217.]
[78.]
[227.]
[86.]
[195.]
[83.]
[83.]
[200.]
[82.]
[92.]
[87.]
[114.]
[332.]
[81.]
[214.]
[232.]
[73.]
[86.]
[256.]
[88.]
[89.]
[148.]
[69.]
[65.]
[162.]
[120.]
[163.]
[220.]
[177.]
[52.]
[74.]
[122.]
[185.]
[177.]
[315.]
[115.]
[207.]
[138.]
[86.]
[222.]
[240.]
[199.]
[69.]
[112.]
[80.]
[210.]
[379.]
[184.]
[82.]
[122.]
[234.]
[135.]
[82.]
[170.]
[76.]
[372.]
[172.]
[90.]
[88.]
[82.]
[218.]
[264.]
[197.]
[71.]
[91.]
[197.]
[227.]
[190.]
[391.]
[209.]
[87.]
[295.]
[79.]
[66.]
[403.]
[63.]
[176.]
[71.]
[88.]
[207.]
[78.]
[156.]
[161.]
[227.]
[240.]
[334.]
[222.]
[276.]
[332.]
[169.]
[191.]
[239.]
[77.]
[253.]
[89.]
[125.]
[210.]
[234.]
[88.]
[193.]
[206.]
[88.]
[350.]
[221.]
[67.]
[117.]
[112.]
[189.]
[87.]
[234.]
[94.]
[209.]
[93.]
[44.]
[82.]
[91.]
[213.]
[107.]
[207.]
[131.]
[207.]
[195.]
[248.]
[222.]
[200.]
[230.]
[225.]
[181.]
[84.]
[176.]
[382.]
[213.]
[87.]
[149.]
[349.]
[79.]
[121.]
[163.]
[229.]
[198.]
[68.]
[212.]
[81.]
[84.]
[170.]
[70.]
[234.]
[222.]
[144.]
[197.]
[224.]
[212.]
[88.]
[69.]
[157.]
[180.]
[108.]
[236.]
[297.]
[85.]
[227.]
[79.]
[75.]
[358.]
[76.]
[61.]
[245.]
[69.]
[90.]
[205.]
[239.]
[73.]
[311.]
[93.]
[77.]
[67.]
[105.]
[116.]
[240.]
[210.]
[91.]
[229.]
[107.]
[92.]
[208.]
[160.]
[193.]
[167.]
[99.]
[226.]
[74.]
[82.]
[205.]
[238.]
[183.]
[210.]
[107.]
[234.]
[82.]
[64.]
[101.]
[239.]
[78.]
[399.]
[73.]
[231.]
[39.]
[325.]
[238.]
[74.]
[221.]
[198.]
[113.]
[347.]
[240.]
[224.]
[117.]
[71.]
[323.]
[237.]
[361.]
[158.]
[220.]
[76.]
[75.]
[315.]
[195.]
[192.]
[94.]
[240.]
[71.]
[194.]
[61.]
[96.]
[210.]
[268.]
[331.]
[71.]
[165.]
[108.]
[88.]
[76.]
[52.]
[76.]
[82.]
[82.]
[84.]
[92.]
[207.]
[83.]
[41.]
[120.]
[69.]
[97.]
[161.]
[277.]
[68.]
[145.]
[96.]
[71.]
[225.]
[70.]
[123.]
[78.]
[85.]
[164.]
[242.]
[90.]
[122.]
[98.]
[203.]
[253.]
[208.]
[91.]
[81.]
[234.]
[321.]
[48.]
[161.]
[69.]
[88.]
[332.]
[95.]
[176.]
[116.]
[193.]
[109.]
[69.]
[290.]
[129.]
[198.]
[206.]
[87.]
[94.]
[81.]
[395.]
[177.]
[82.]
[292.]
[131.]
[62.]
[204.]
[181.]
[301.]
[85.]
[154.]
[216.]
[295.]
[169.]
[243.]
[242.]
[182.]
[240.]
[330.]
[88.]
[225.]
[77.]
[71.]
[60.]
[131.]
[86.]
[303.]
[179.]
[290.]
[79.]
[309.]
[38.]
[160.]
[81.]
[116.]
[358.]
[68.]
[319.]
[230.]
[82.]
[236.]
[81.]
[347.]
[135.]
[202.]
[104.]
[216.]
[76.]
[69.]
[142.]
[176.]
[202.]
[316.]
[88.]
[231.]
[263.]
[57.]
[81.]
[188.]
[86.]
[212.]
[86.]
[86.]
[85.]
[30.]
[242.]
[89.]
[192.]
[114.]
[84.]
[53.]
[188.]
[73.]
[109.]
[240.]
[90.]
[198.]
[73.]
[192.]
[82.]
[88.]
[60.]
[239.]
[233.]
[237.]
[134.]
[91.]
[83.]
[196.]
[72.]
[148.]
[272.]
[76.]
[211.]
[70.]
[227.]
[363.]
[69.]
[363.]
[83.]
[194.]
[196.]
[72.]
[44.]
[88.]
[215.]
[82.]
[179.]
[88.]
[81.]
[60.]
[174.]
[116.]
[71.]
[291.]
[165.]
[79.]
[220.]
[68.]
[243.]
[88.]
[184.]
[112.]
[49.]
[182.]
[159.]
[72.]
[240.]
[68.]
[113.]
[118.]
[76.]
[79.]
[120.]
[246.]
[194.]
[86.]
[188.]
[133.]
[86.]
[84.]
[88.]
[211.]
[163.]
[164.]
[294.]
[198.]
[147.]
[150.]
[72.]
[214.]
[77.]
[86.]
[88.]
[149.]
[71.]
[210.]
[162.]
[252.]
[198.]
[217.]
[74.]
[329.]
[342.]
[186.]
[145.]
[286.]
[76.]
[135.]
[238.]
[248.]
[178.]
[169.]
[178.]
[233.]
[369.]
[280.]
[190.]
[190.]
[71.]
[228.]
[95.]
[73.]
[256.]
[233.]
[86.]
[55.]
[79.]
[216.]
[100.]
[78.]
[224.]
[65.]
[77.]
[349.]
[85.]
[78.]
[64.]
[64.]
[224.]
[88.]
[81.]
[44.]
[158.]
[81.]
[232.]
[343.]
[225.]
[111.]
[240.]
[184.]
[70.]
[104.]
[239.]
[300.]
[342.]
[76.]
[197.]
[76.]
[197.]
[238.]
[166.]
[285.]
[87.]
[200.]
[205.]
[88.]
[309.]
[66.]
[199.]
[89.]
[78.]
[72.]
[222.]
[177.]
[86.]
[209.]
[122.]
[123.]
[232.]
[72.]
[234.]
[119.]
[203.]
[53.]
[187.]
[231.]
[102.]
[75.]
[80.]
[74.]
[92.]
[68.]
[220.]
[44.]
[68.]
[83.]
[404.]
[75.]
[215.]
[74.]
[349.]
[161.]
[169.]
[188.]
[54.]
[72.]
[201.]
[83.]
[58.]
[160.]
[80.]
[208.]
[208.]
[64.]
[215.]
[77.]
[190.]
[192.]
[184.]
[214.]
[263.]
[201.]
[201.]
[99.]
[90.]
[117.]
[86.]
[86.]
[79.]
[239.]
[193.]
[194.]
[89.]
[196.]
[153.]
[199.]
[174.]
[88.]
[203.]
[208.]
[83.]
[88.]
[112.]
[295.]
[219.]
[77.]
[190.]
[327.]
[239.]
[215.]
[173.]
[86.]
[308.]
[344.]
[81.]
[66.]
[244.]
[102.]
[84.]
[208.]
[88.]
[88.]
[72.]
[76.]
[219.]
[64.]
[250.]
[220.]
[62.]
[177.]
[121.]
[92.]
[222.]
[71.]
[86.]
[244.]
[85.]
[183.]
[208.]
[182.]
[182.]
[59.]
[162.]
[232.]
[76.]
[157.]
[141.]
[229.]
[200.]
[68.]
[87.]
[69.]
[86.]
[79.]
[199.]
[178.]
[153.]
[166.]
[357.]
[86.]
[225.]
[89.]
[197.]
[149.]
[158.]
[82.]
[68.]
[211.]
[84.]
[281.]
[172.]
[59.]
[223.]
[159.]
[197.]
[84.]
[79.]
[57.]
[294.]
[94.]
[229.]
[315.]
[239.]
[320.]
[87.]
[206.]
[94.]
[171.]
[74.]
[84.]
[208.]
[289.]
[88.]
[65.]
[164.]
[92.]
[218.]
[65.]
[97.]
[74.]
[129.]
[348.]
[80.]
[230.]
[328.]
[219.]
[183.]
[105.]
[74.]
[240.]
[86.]
[242.]
[270.]
[100.]
[160.]
[75.]
[210.]
[326.]
[200.]
[80.]
[302.]
[289.]
[254.]
[162.]
[69.]
[88.]
[191.]
[120.]
[232.]
[79.]
[121.]
[229.]
[88.]
[95.]
[192.]
[113.]
[85.]
[218.]
[188.]
[73.]
[88.]
[249.]
[329.]
[263.]
[210.]
[74.]
[46.]
[75.]
[254.]
[115.]
[337.]
[296.]
[191.]
[86.]
[223.]
[80.]
[69.]
[89.]
[210.]
[88.]
[231.]
[88.]
[239.]
[133.]
[56.]
[247.]
[83.]
[94.]
[340.]
[175.]
[71.]
[111.]
[188.]
[73.]
[84.]
[54.]
[368.]
[268.]
[109.]
[73.]
[73.]
[81.]
[74.]
[129.]
[57.]
[89.]
[177.]
[178.]
[69.]
[233.]
[210.]
[229.]
[82.]
[186.]
[212.]
[303.]
[180.]
[240.]
[154.]
[372.]
[223.]
[86.]
[271.]
[86.]
[77.]
[199.]
[116.]
[349.]
[98.]
[239.]
[127.]
[82.]
[120.]
[171.]
[252.]
[154.]
[176.]
[72.]
[238.]
[288.]
[113.]
[86.]
[179.]
[241.]
[220.]
[343.]
[176.]
[306.]
[213.]
[227.]
[83.]
[60.]
[177.]
[69.]
[74.]
[256.]
[78.]
[215.]
[85.]
[106.]
[197.]
[181.]
[240.]
[77.]
[75.]
[235.]
[228.]
[313.]
[289.]
[97.]
[85.]
[170.]
[224.]
[231.]
[214.]
[237.]
[66.]
[120.]
[88.]
[81.]
[71.]
[64.]
[88.]
[86.]
[164.]
[397.]
[247.]
[240.]
[88.]
[183.]
[268.]
[217.]
[238.]
[85.]
[279.]
[210.]
[228.]
[154.]
[208.]
[88.]
[79.]
[72.]
[269.]
[155.]
[76.]
[163.]
[85.]
[144.]
[238.]
[60.]
[74.]
[99.]
[300.]
[65.]
[72.]
[223.]
[143.]
[121.]
[80.]
[203.]
[168.]
[140.]
[218.]
[59.]
[301.]
[301.]
[87.]
[156.]
[192.]
[194.]
[225.]
[232.]
[240.]
[85.]
[331.]
[202.]
[62.]
[196.]
[193.]
[131.]
[210.]
[121.]
[178.]
[227.]
[347.]
[72.]
[115.]
[85.]
[51.]
[101.]
[73.]
[339.]
[77.]
[75.]
[70.]
[332.]
[173.]
[94.]
[80.]
[148.]
[111.]
[210.]
[398.]
[191.]
[175.]
[79.]
[331.]
[72.]
[191.]
[244.]
[81.]
[78.]
[303.]
[80.]
[66.]
[214.]
[81.]
[71.]
[182.]
[57.]
[238.]
[88.]
[362.]
[78.]
[69.]
[141.]
[85.]
[350.]
[79.]
[167.]
[159.]
[348.]
[84.]
[184.]
[68.]
[229.]
[166.]
[280.]
[81.]
[205.]
[217.]
[314.]
[211.]
[123.]
[88.]
[116.]
[76.]
[188.]
[159.]
[152.]
[109.]
[71.]
[118.]
[361.]
[232.]
[144.]
[86.]
[224.]
[124.]
[219.]
[239.]
[309.]
[204.]
[76.]
[66.]
[88.]
[339.]
[163.]
[233.]
[92.]
[278.]
[264.]
[221.]
[78.]
[181.]
[90.]
[80.]
[209.]
[88.]
[107.]
[85.]
[131.]
[80.]
[114.]
[335.]
[175.]
[175.]
[143.]
[200.]
[85.]
[186.]
[234.]
[204.]
[206.]
[106.]
[79.]
[103.]
[81.]
[240.]
[68.]
[202.]
[173.]
[240.]
[215.]
[212.]
[203.]
[88.]
[191.]
[88.]
[74.]
[230.]
[115.]
[147.]
[330.]
[302.]
[83.]
[91.]
[311.]
[75.]
[221.]
[107.]
[240.]
[332.]
[88.]
[225.]
[339.]
[290.]
[262.]
[272.]
[91.]
[51.]
[75.]
[238.]
[82.]
[287.]
[326.]
[60.]
[185.]
[72.]
[318.]
[60.]
[344.]
[232.]
[77.]
[85.]
[194.]
[96.]
[67.]
[82.]
[203.]
[334.]
[78.]
[231.]
[62.]
[89.]
[221.]
[246.]
[289.]
[270.]
[212.]
[72.]
[45.]
[174.]
[121.]
[240.]
[88.]
[71.]
[238.]
[76.]
[322.]
[76.]
[80.]
[36.]
[165.]
[83.]
[80.]
[227.]
[371.]
[336.]
[124.]
[212.]
[78.]
[210.]
[87.]
[59.]
[332.]
[191.]
[164.]
[330.]
[189.]
[89.]
[196.]
[207.]
[105.]
[207.]
[221.]
[99.]
[195.]
[311.]
[74.]
[229.]
[149.]
[198.]
[200.]
[76.]
[86.]
[75.]
[190.]
[193.]
[232.]
[77.]
[174.]
[188.]
[353.]
[101.]
[182.]
[352.]
[173.]
[200.]
[202.]
[318.]
[78.]
[144.]
[240.]
[175.]
[75.]
[90.]
[77.]
[87.]
[128.]
[88.]
[240.]
[103.]
[67.]
[159.]
[130.]
[338.]
[80.]
[83.]
[310.]
[85.]
[85.]
[330.]
[89.]
[87.]
[106.]
[68.]
[204.]
[366.]
[86.]
[65.]
[226.]
[292.]
[135.]
[148.]
[187.]
[297.]
[165.]
[123.]
[86.]
[155.]
[92.]
[86.]
[84.]
[92.]
[72.]
[232.]
[84.]
[300.]
[93.]
[354.]
[316.]
[78.]
[248.]
[326.]
[252.]
[72.]
[295.]
[372.]
[130.]
[82.]
[69.]
[239.]
[84.]
[130.]
[89.]
[69.]
[72.]
[81.]
[84.]
[80.]
[217.]
[238.]
[66.]
[219.]
[182.]
[281.]
[209.]
[233.]
[400.]
[135.]
[69.]
[86.]
[210.]
[84.]
[212.]
[119.]
[307.]
[194.]
[108.]
[233.]
[67.]
[245.]
[220.]
[240.]
[198.]
[73.]
[150.]
[140.]
[209.]
[310.]
[111.]
[88.]
[240.]
[281.]
[358.]
[228.]
[86.]
[88.]
[296.]
[232.]
[347.]
[218.]
[88.]
[60.]
[77.]
[175.]
[79.]
[209.]
[229.]
[109.]
[69.]
[75.]
[57.]
[104.]
[130.]
[103.]
[198.]
[171.]
[229.]
[78.]
[378.]
[218.]
[239.]
[81.]
[46.]
[248.]
[212.]
[56.]
[59.]
[209.]
[172.]
[210.]
[109.]
[87.]
[225.]
[203.]
[217.]
[80.]
[236.]
[88.]
[212.]
[47.]
[75.]
[73.]
[195.]
[239.]
[176.]
[302.]
[268.]
[230.]
[241.]
[125.]
[202.]
[207.]
[195.]
[214.]
[82.]
[82.]
[89.]
[240.]
[184.]
[88.]
[170.]
[80.]
[97.]
[230.]
[152.]
[102.]
[332.]
[80.]
[99.]
[364.]
[70.]
[234.]
[229.]
[97.]
[78.]
[198.]
[178.]
[84.]
[211.]
[220.]
[236.]
[131.]
[158.]
[108.]
[89.]
[66.]
[85.]
[239.]
[146.]
[83.]
[349.]
[159.]
[89.]
[320.]
[85.]
[133.]
[193.]
[87.]
[88.]
[78.]
[92.]
[197.]
[135.]
[119.]
[204.]
[226.]
[252.]
[199.]
[250.]
[403.]
[218.]
[122.]
[82.]
[152.]
[185.]
[256.]
[184.]
[298.]
[68.]
[192.]
[88.]
[155.]
[88.]
[82.]
[79.]
[131.]
[293.]
[187.]
[272.]
[213.]
[208.]
[234.]
[190.]
[84.]
[89.]
[135.]
[77.]
[80.]
[50.]
[82.]
[286.]
[262.]
[204.]
[178.]
[260.]
[207.]
[221.]
[76.]
[99.]
[85.]
[164.]
[198.]
[226.]
[403.]
[135.]
[167.]
[288.]
[193.]
[87.]
[77.]
[73.]
[330.]
[211.]
[68.]
[231.]
[239.]
[238.]
[239.]
[96.]
[228.]
[240.]
[51.]
[165.]
[88.]
[90.]
[85.]
[93.]
[69.]
[195.]
[118.]
[209.]
[229.]
[88.]
